14 3 11
0 0 0 0 0 0 0 0 0 0 0 0 0 0 0 0 0 0
0 0 0 0 0 0 0 0 0 0 0 0 0 0 0 0 0 0
0 0 1 1 1 0 0 0 0 0 1 1 1 1 1 1 0 0
0 0 1 2 1 0 0 1 0 0 1 1 1 1 6 1 0 0
0 0 1 1 1 0 0 0 0 0 1 1 1 1 0 0 0 0
0 0 0 0 0 0 0 0 0 0 0 1 1 1 0 0 0 0
0 0 0 0 0 0 0 0 0 0 0 0 0 1 1 0 0 0
0 0 0 0 0 0 0 0 0 0 0 0 0 0 1 0 0 0
0 0 0 0 0 0 0 0 0 0 0 0 0 0 1 0 0 0
0 0 0 0 0 0 0 0 0 0 0 0 0 1 1 0 0 0
0 0 0 0 0 0 1 1 1 1 1 0 0 1 1 0 0 0
0 0 0 0 0 0 1 4 0 0 1 1 1 5 1 0 0 0
0 0 0 0 0 0 0 0 0 0 0 0 0 0 0 0 0 0
0 0 0 0 0 0 0 0 0 0 0 0 0 0 0 0 0 0
3 14 3 11 3 14
11 7 3 5 0 3 6 0
11 13 3 8 0 3 9 0 4 14 0 5 14 0