14 8 4
0 0 0 0 0 0 0 0 0 0 0 0 0 0 0 0 0
0 0 0 0 0 0 0 0 0 0 0 0 0 0 0 0 0
0 0 0 0 0 0 0 0 0 0 0 0 0 0 5 0 0
0 0 0 0 0 0 0 1 1 1 0 0 1 1 1 0 0
0 0 0 0 0 0 0 1 5 1 1 1 1 1 0 0 0
0 0 0 0 0 1 1 1 1 1 0 0 1 1 0 0 0
0 0 0 0 0 1 2 1 0 0 0 0 1 1 0 0 0
0 0 0 1 1 1 1 1 0 0 0 1 1 1 1 0 0
0 0 1 1 1 1 0 0 0 0 0 1 1 1 1 0 0
0 0 1 1 1 1 0 0 1 1 1 1 1 0 0 0 0
0 0 0 0 0 0 0 1 1 1 0 0 0 0 0 0 0
0 0 0 0 0 0 0 1 1 1 0 0 0 0 0 0 0
0 0 0 0 0 0 0 0 0 0 0 0 0 0 0 0 0
0 0 0 0 0 0 0 0 0 0 0 0 0 0 0 0 0
4 8 4 14 0
2 14 6 8 0