14 4 6
0 0 0 0 0 0 0 0 0 0 0 0 0 0 0 0 0 0
0 0 0 0 0 0 0 0 0 0 0 0 0 0 0 0 0 0
0 0 0 0 0 0 0 0 0 0 1 1 1 0 0 0 0 0
0 0 0 0 0 1 1 1 0 0 1 1 1 0 0 0 0 0
0 0 1 0 0 1 1 1 1 1 1 1 1 1 1 1 0 0
0 0 1 0 0 1 1 1 0 0 0 0 0 0 5 1 0 0
0 0 1 0 0 0 0 0 0 0 0 0 0 0 1 1 0 0
0 0 1 0 0 0 0 0 0 0 0 0 0 0 1 1 0 0
0 0 1 0 0 0 0 0 0 0 1 1 1 1 1 1 0 0
0 0 1 1 1 1 1 0 0 0 1 1 1 0 0 0 0 0
0 0 0 1 1 2 1 0 0 0 1 1 1 0 0 0 0 0
0 0 0 0 1 1 1 0 0 0 1 1 1 1 1 5 0 0
0 0 0 0 0 0 0 0 0 0 0 0 0 0 0 0 0 0
0 0 0 0 0 0 0 0 0 0 0 0 0 0 0 0 0 0
5 14 4 3 0 4 4 0
11 15 5 3 0 5 4 0