14 10 3
0 0 0 0 0 0 0 0 0 0 0 0 0 0 0 0 0 0 0
0 0 0 0 0 0 0 0 0 0 0 0 0 0 0 0 0 0 0
0 0 0 0 0 0 0 0 0 1 1 1 0 0 1 1 1 0 0
0 0 0 0 0 0 1 1 1 1 1 1 0 0 5 1 1 0 0
0 0 1 1 0 0 1 0 0 1 1 1 0 0 1 1 1 0 0
0 0 1 1 1 1 1 0 0 0 4 0 0 0 0 0 0 0 0
0 0 1 1 0 0 0 0 0 0 0 0 0 0 0 0 0 0 0
0 0 0 1 0 0 0 0 0 6 0 0 0 0 0 0 0 0 0
0 0 0 1 0 0 0 0 0 1 0 0 0 0 0 0 0 0 0
0 0 1 1 1 0 0 0 1 1 1 0 0 4 1 1 0 0 0
0 0 1 1 1 1 1 1 1 1 1 1 1 1 2 1 0 0 0
0 0 1 1 1 0 0 0 1 1 1 0 0 4 1 1 0 0 0
0 0 0 0 0 0 0 0 0 0 0 0 0 0 0 0 0 0 0
0 0 0 0 0 0 0 0 0 0 0 0 0 0 0 0 0 0 0
7 9 10 3 3 15 3 15
5 10 3 7 0 3 8 0 3 12 0 3 13 0
3 14 3 7 0 3 8 0 4 4 0 4 5 0
9 13 10 11 -1 10 12 -1
11 13 10 11 -1 10 12 -1