12 8 5
0 0 0 0 0 0 0 0 0 0 0 0 0 0 0 0 0
0 0 0 0 0 0 0 0 0 0 0 0 0 0 0 0 0
0 0 0 6 0 0 0 0 0 0 0 0 1 1 1 0 0
0 0 6 1 6 0 0 5 5 1 0 0 1 2 1 0 0
0 0 0 6 0 0 0 0 0 0 0 0 1 1 1 0 0
0 0 0 0 0 0 0 0 0 0 0 0 0 0 0 0 0
0 0 0 0 0 0 0 0 0 0 0 0 0 0 0 0 0
0 0 0 0 1 1 1 0 0 0 1 1 1 0 0 0 0
0 0 0 0 1 1 1 1 1 1 1 6 1 0 0 0 0
0 0 0 0 1 1 1 0 0 0 1 1 1 0 0 0 0
0 0 0 0 0 0 0 0 0 0 0 0 0 0 0 0 0
0 0 0 0 0 0 0 0 0 0 0 0 0 0 0 0 0
8 11 3 2 2 3 3 2
3 4 3 2 3 4 3 2
3 2 2 3 3 4 3 4
4 3 3 2 4 3 4 3
2 3 3 7 3 9 3 9
3 7 3 5 0 3 6 0
3 8 3 10 0 3 11 0