14 3 3
0 0 0 0 0 0 0 0 0 0 0 0 0 0 0 0 0 0 0
0 0 0 0 0 0 0 0 0 0 0 0 0 0 0 0 0 0 0
0 0 1 1 1 0 0 0 0 0 0 0 0 0 0 0 0 0 0
0 0 1 1 1 1 1 1 1 1 1 0 0 0 1 1 1 0 0
0 0 1 1 1 0 0 0 0 0 1 1 1 1 1 2 1 0 0
0 0 1 1 1 0 0 0 0 0 0 0 0 0 5 5 1 0 0
0 0 1 1 1 0 0 0 0 0 0 0 0 0 0 0 0 0 0
0 0 1 1 1 0 0 0 0 0 0 0 0 0 0 0 0 0 0
0 0 1 1 1 0 0 0 0 1 1 1 1 1 5 0 0 0 0
0 0 1 1 1 1 1 1 1 1 0 0 0 1 1 0 0 0 0
0 0 1 4 1 0 0 0 0 0 0 0 0 1 1 0 0 0 0
0 0 1 1 1 0 0 0 0 0 0 0 0 1 5 0 0 0 0
0 0 0 0 0 0 0 0 0 0 0 0 0 0 0 0 0 0 0
0 0 0 0 0 0 0 0 0 0 0 0 0 0 0 0 0 0 0
10 3 9 10 0
8 14 4 9 1
5 14 8 8 -1
5 15 8 8 1
11 14 3 11 1 9 10 -1