13 5 4
0 0 0 0 0 0 0 0 0 0 0 0 0 0 0 0 0 0 0
0 0 0 0 0 0 0 0 0 0 0 0 0 0 0 0 0 0 0
0 0 0 0 0 0 0 0 0 4 0 0 0 0 0 0 0 0 0
0 0 1 1 4 1 0 0 0 1 0 0 0 0 0 0 0 0 0
0 0 1 1 1 1 1 0 0 1 0 0 0 0 0 0 0 0 0
0 0 1 4 1 1 1 1 1 1 0 0 1 1 0 0 1 0 0
0 0 1 1 1 1 1 0 0 0 1 0 0 0 1 0 0 0 0
0 0 1 1 4 1 0 0 0 0 1 0 0 0 1 0 0 0 0
0 0 1 0 0 0 0 0 0 0 4 0 0 1 1 1 0 0 0
0 0 1 0 0 0 0 0 0 0 0 0 1 1 2 1 0 0 0
0 0 1 0 0 5 0 0 0 0 0 0 1 1 1 1 0 0 0
0 0 0 0 0 0 0 0 0 0 0 0 0 0 0 0 0 0 0
0 0 0 0 0 0 0 0 0 0 0 0 0 0 0 0 0 0 0
2 9 5 10 1 5 11 1
5 3 5 10 -1 5 11 -1
3 4 5 14 -1 5 15 -1 10 3 -1 10 4 -1
7 4 5 14 -1 5 15 -1 10 3 -1 10 4 -1
8 10 5 14 1 5 15 1 10 3 1 10 4 1
10 5 6 7 0