14 2 3
0 0 0 0 0 0 0 0 0 0 0 0 0 0 0 0 0 0 0
0 0 0 0 0 0 0 0 0 0 0 0 0 0 0 0 0 0 0
0 0 0 1 1 1 1 1 1 1 1 1 4 1 1 1 1 0 0
0 0 0 0 0 0 0 1 1 0 0 0 0 0 0 1 1 0 0
0 0 0 0 0 0 0 1 1 0 0 0 0 0 0 1 1 0 0
0 0 0 0 0 0 0 0 0 0 0 0 0 0 0 1 1 0 0
0 0 0 0 0 0 0 0 0 0 0 0 0 0 0 1 1 0 0
0 0 1 1 1 0 0 1 1 0 0 1 4 1 1 1 1 0 0
0 0 1 2 1 0 0 1 1 0 0 0 0 0 0 0 0 0 0
0 0 1 1 1 0 0 1 1 0 0 0 0 0 0 0 0 0 0
0 0 0 1 1 0 0 1 1 0 0 0 0 0 0 0 0 0 0
0 0 0 1 1 1 1 1 1 1 1 1 4 1 1 1 0 0 0
0 0 0 0 0 0 0 0 0 0 0 0 0 0 0 0 0 0 0
0 0 0 0 0 0 0 0 0 0 0 0 0 0 0 0 0 0 0
2 12 7 9 0 7 10 0
7 12 11 4 -1 11 5 -1
11 12 11 4 1 11 5 1