14 4 10
0 0 0 0 0 0 0 0 0 0 0 0 0 0 0 0 0 0 0
0 0 0 0 0 0 0 0 0 0 0 0 0 0 0 0 0 0 0
0 0 0 0 0 0 0 0 0 0 0 0 0 0 1 1 1 0 0
0 0 0 0 1 1 1 1 1 1 1 1 0 0 1 1 1 0 0
0 0 0 0 1 1 1 0 0 4 1 1 0 0 1 1 1 0 0
0 0 0 0 1 1 1 0 0 1 1 1 0 0 0 0 0 0 0
0 0 0 0 1 4 1 0 0 6 1 4 0 0 0 0 0 0 0
0 0 0 0 1 1 1 0 0 1 1 1 0 0 0 0 0 0 0
0 0 1 1 1 1 0 0 0 1 1 1 0 0 4 1 1 0 0
0 0 1 4 0 0 0 0 0 0 0 0 0 0 1 1 1 0 0
0 0 0 0 0 0 0 0 0 0 0 0 0 0 1 2 1 0 0
0 0 0 0 0 0 0 0 0 0 0 0 0 0 1 1 1 0 0
0 0 0 0 0 0 0 0 0 0 0 0 0 0 0 0 0 0 0
0 0 0 0 0 0 0 0 0 0 0 0 0 0 0 0 0 0 0
6 11 3 7 -1 3 8 -1
4 9 3 7 -1 3 8 -1
6 9 3 15 9 15 3 15
8 14 8 12 0 8 13 0
6 5 3 7 -1 3 8 -1
9 3 3 12 0 3 13 0