14 5 3
0 0 0 0 0 0 0 0 0 0 0 0 0 0 0 0 0 0 0
0 0 0 0 0 0 0 0 0 0 0 0 0 0 0 0 0 0 0
0 0 0 0 0 0 0 0 0 0 1 1 0 0 0 0 0 0 0
0 0 0 0 0 0 0 0 0 1 1 1 0 0 0 0 0 0 0
0 0 1 1 0 0 1 1 1 1 1 1 0 0 0 0 0 0 0
0 0 1 1 1 1 1 1 0 0 1 0 0 0 0 0 0 0 0
0 0 1 1 1 1 0 0 0 0 1 0 0 0 1 1 1 0 0
0 0 0 1 1 0 0 0 0 0 5 1 1 1 1 2 1 0 0
0 0 0 0 1 0 0 0 0 0 5 1 0 0 1 1 1 0 0
0 0 0 0 1 1 1 0 0 0 1 1 0 0 0 0 0 0 0
0 0 0 0 0 1 1 1 0 0 1 1 0 0 0 0 0 0 0
0 0 0 0 0 0 1 1 1 1 1 1 0 0 0 0 0 0 0
0 0 0 0 0 0 0 0 0 0 0 0 0 0 0 0 0 0 0
0 0 0 0 0 0 0 0 0 0 0 0 0 0 0 0 0 0 0
7 10 11 5 0
8 10 9 7 0