14 9 6
0 0 0 0 0 0 0 0 0 0 0 0 0 0 0 0 0 0 0
0 0 0 0 0 0 0 0 0 0 0 0 0 0 0 0 0 0 0
0 0 0 1 1 1 0 0 0 0 0 0 0 0 1 1 1 0 0
0 0 0 1 5 1 0 0 0 0 0 0 0 0 1 4 1 0 0
0 0 0 1 1 1 0 0 0 1 1 1 1 1 1 1 1 0 0
0 0 0 1 1 1 0 0 0 1 2 1 0 0 1 1 4 0 0
0 0 1 0 0 0 1 0 0 1 1 1 0 0 0 0 1 0 0
0 0 4 0 0 0 1 0 0 3 3 3 0 0 0 0 1 0 0
0 0 1 0 0 1 1 1 3 3 3 3 3 1 1 1 1 0 0
0 0 0 0 0 1 1 1 3 3 3 3 3 1 6 1 0 0 0
0 0 0 0 0 1 1 1 3 3 3 3 3 1 1 1 0 0 0
0 0 0 0 0 1 1 1 1 1 0 0 0 0 0 0 0 0 0
0 0 0 0 0 0 0 0 0 0 0 0 0 0 0 0 0 0 0
0 0 0 0 0 0 0 0 0 0 0 0 0 0 0 0 0 0 0
5 16 4 12 -1 4 13 -1 8 16 -1
3 15 8 3 1 8 4 1 11 10 0
9 14 4 4 9 14 9 14
7 2 5 2 1 8 3 -1 8 4 -1
3 4 5 6 1