14 9 3
0 0 0 0 0 0 0 0 0 0 0 0 0 0 0 0 0 0
0 0 0 0 0 0 0 0 0 0 0 0 0 0 0 0 0 0
0 0 0 0 1 1 0 0 0 0 0 0 0 0 0 0 0 0
0 0 0 0 1 1 1 0 0 0 0 0 0 0 0 0 0 0
0 0 0 0 1 1 4 0 0 0 0 0 1 1 1 0 0 0
0 0 0 0 0 1 1 1 1 0 0 0 1 2 1 0 0 0
0 0 0 0 0 0 0 0 1 1 0 0 1 1 1 0 0 0
0 0 0 1 1 0 0 0 1 1 0 0 0 0 0 0 0 0
0 0 1 1 5 1 1 1 1 1 0 0 0 0 0 0 0 0
0 0 1 1 1 0 0 0 1 1 0 0 0 1 1 1 0 0
0 0 1 1 1 0 0 0 1 1 4 1 1 1 1 1 0 0
0 0 0 0 0 0 0 0 0 0 0 0 0 1 1 1 0 0
0 0 0 0 0 0 0 0 0 0 0 0 0 0 0 0 0 0
0 0 0 0 0 0 0 0 0 0 0 0 0 0 0 0 0 0
8 4 6 10 1 6 11 1
10 10 5 9 1 8 6 -1 8 7 -1
4 6 6 10 0 6 11 0 4 15 0 5 15 0