13 7 12
0 0 0 0 0 0 0 0 0 0 0 0 0 0 0 0 0 0
0 0 0 0 0 0 0 0 0 0 0 0 0 0 0 0 0 0
0 0 0 0 0 0 0 1 1 1 1 0 0 0 0 6 0 0
0 0 0 0 0 0 0 1 1 4 1 1 1 0 0 1 0 0
0 0 0 0 0 0 1 1 1 1 1 1 1 0 0 1 0 0
0 0 1 1 1 1 1 1 1 1 0 0 1 1 1 1 0 0
0 0 1 1 1 0 0 0 1 0 0 0 1 1 0 0 0 0
0 0 1 1 1 0 0 0 1 0 0 0 1 0 0 0 0 0
0 0 0 1 0 0 0 0 1 1 1 0 0 0 0 0 0 0
0 0 0 5 0 0 0 0 1 2 1 0 0 0 0 0 0 0
0 0 0 0 0 0 0 0 1 1 1 0 0 0 0 0 0 0
0 0 0 0 0 0 0 0 0 0 0 0 0 0 0 0 0 0
0 0 0 0 0 0 0 0 0 0 0 0 0 0 0 0 0 0
3 9 5 4 -1 5 5 -1
2 15 7 12 5 14 5 14
9 3 6 5 0 9 11 0