14 4 4 
0 0 0 0 0 0 0 0 0 0 0 0 0 0 0 0 0 0 0
0 0 0 0 0 0 0 0 0 0 0 0 0 0 0 0 0 0 0
0 0 0 1 1 1 1 1 1 0 0 0 0 0 0 0 0 0 0
0 0 0 1 1 0 0 1 1 1 0 0 0 0 0 0 0 0 0
0 0 3 3 1 0 0 1 1 1 1 0 0 0 0 0 0 0 0
0 0 3 3 0 0 0 0 0 1 1 1 0 0 0 0 0 0 0
0 0 3 3 0 0 0 0 0 0 1 1 1 0 0 0 0 0 0
0 0 3 1 1 1 0 0 0 0 0 1 1 6 0 0 0 0 0
0 0 0 1 2 1 0 0 0 0 0 0 1 1 1 1 1 0 0
0 0 0 1 1 1 1 1 1 0 0 0 1 4 1 1 1 0 0
0 0 0 0 1 0 0 1 1 0 0 0 1 1 1 0 0 0 0
0 0 0 0 1 0 0 1 1 1 1 1 1 1 1 0 0 0 0
0 0 0 0 0 0 0 0 0 0 0 0 0 0 0 0 0 0 0
0 0 0 0 0 0 0 0 0 0 0 0 0 0 0 0 0 0 0
9 13 11 10 -1 11 11 -1 2 5 -1 2 6 -1
7 13 11 14 8 16 8 16