14 5 9
0 0 0 0 0 0 0 0 0 0 0 0 0 0 0 0 0 0 0
0 0 0 0 0 0 0 0 0 0 0 0 0 0 0 0 0 0 0
0 0 0 0 4 1 1 1 0 0 0 1 0 0 5 0 0 0 0
0 0 0 0 0 0 0 1 0 0 0 1 0 0 0 0 0 0 0
0 0 0 0 0 0 0 1 1 1 1 1 0 0 0 0 0 0 0
0 0 5 0 0 1 1 1 1 1 1 1 1 1 0 0 5 0 0
0 0 0 0 0 0 0 1 1 1 1 1 0 0 0 0 0 0 0
0 0 0 0 0 0 0 0 1 0 0 1 0 0 0 0 0 0 0
0 0 0 0 0 0 0 0 1 0 0 1 1 1 4 0 0 0 0
0 0 1 1 1 0 0 1 1 0 0 1 0 0 0 0 0 0 0
0 0 1 2 1 0 0 1 0 0 0 1 0 0 0 0 0 0 0
0 0 1 1 1 0 0 0 0 0 0 1 1 1 4 0 0 0 0
0 0 0 0 0 0 0 0 0 0 0 0 0 0 0 0 0 0 0
0 0 0 0 0 0 0 0 0 0 0 0 0 0 0 0 0 0 0
2 4 2 12 1 2 13 1 8 12 -1 8 13 -1
8 14 5 3 1 5 4 1
11 14 5 14 1 5 15 1 8 12 -1 8 13 -1 2 12 -1 2 13 -1 2 5 -1 2 6 -1
5 16 11 5 1
2 14 7 7 1 8 7 1
5 2 10 5 1 10 6 1 11 12 -1 11 13 -1