14 6 4
0 0 0 0 0 0 0 0 0 0 0 0 0 0 0 0 0 0 0
0 0 0 0 0 0 0 0 0 0 0 0 0 0 0 0 0 0 0
0 0 0 0 0 1 1 1 1 1 3 3 1 1 1 1 0 0 0
0 0 0 0 0 1 2 1 1 0 0 0 0 0 3 1 0 0 0
0 0 0 0 0 1 1 1 0 0 0 0 0 0 3 1 5 0 0
0 0 0 0 0 0 0 0 0 3 1 1 1 1 1 1 1 0 0
0 0 0 0 1 0 0 0 0 3 3 0 0 0 0 0 1 0 0
0 0 0 5 1 3 0 0 0 3 3 0 0 0 0 0 1 0 0
0 0 3 3 3 3 0 0 0 1 1 0 0 0 0 1 1 0 0
0 0 3 3 3 1 3 1 3 3 1 3 0 0 5 1 0 0 0
0 0 1 3 3 3 3 3 3 3 3 3 3 3 1 0 0 0 0
0 0 0 3 1 3 3 3 0 0 3 3 3 3 1 0 0 0 0
0 0 0 0 0 0 0 0 0 0 0 0 0 0 0 0 0 0 0
0 0 0 0 0 0 0 0 0 0 0 0 0 0 0 0 0 0 0
7 3 5 12 1 5 13 1
9 14 9 16 0
4 16 8 11 1 8 14 1 5 12 -1 5 13 -1