14 9 14
0 0 0 0 0 0 0 0 0 0 0 0 0 0 0 0 0 0 0
0 0 0 0 0 0 0 0 0 0 0 0 0 0 0 0 0 0 0
0 0 0 0 0 0 0 0 0 0 0 0 0 1 1 1 0 0 0
0 0 0 1 1 1 0 0 0 0 5 0 0 1 2 1 0 0 0
0 0 0 1 1 1 1 1 1 1 1 0 0 1 1 1 0 0 0
0 0 0 1 1 1 0 0 1 1 1 0 0 0 1 0 0 0 0
0 0 0 3 3 3 0 0 4 1 1 0 0 0 3 0 0 0 0
0 0 0 0 3 0 0 0 1 1 1 0 0 3 3 3 0 0 0
0 0 0 0 1 0 0 0 1 1 1 0 0 1 1 1 0 0 0
0 0 1 1 1 1 0 0 1 4 1 1 1 1 1 1 0 0 0
0 0 1 1 5 1 0 0 5 0 0 0 0 1 1 1 0 0 0
0 0 1 1 1 1 0 0 0 0 0 0 0 0 0 0 0 0 0
0 0 0 0 0 0 0 0 0 0 0 0 0 0 0 0 0 0 0
0 0 0 0 0 0 0 0 0 0 0 0 0 0 0 0 0 0 0
9 9 4 6 -1 4 7 -1 4 11 -1 4 12 -1 9 6 -1 9 7 -1 9 11 -1 9 12 -1
6 8 4 6 -1 4 7 -1 4 11 -1 4 12 -1 9 6 -1 9 7 -1 9 11 -1 9 12 -1
10 4 2 16 1 3 16 1 4 16 1 4 6 -1 4 7 -1
10 8 9 6 0 9 7 0
3 10 4 11 0 4 12 0