13 8 12
0 0 0 0 0 0 0 0 0 0 0 0 0 0 0 0 0 0
0 0 0 0 0 0 0 0 0 0 0 0 0 0 0 0 0 0
0 0 0 0 0 0 0 0 0 0 0 0 0 0 1 5 0 0
0 0 0 0 1 1 1 1 1 1 0 0 0 1 1 1 0 0
0 0 0 1 1 1 0 0 1 1 0 0 1 5 1 1 0 0
0 0 0 1 2 1 0 0 0 1 1 1 1 1 0 0 0 0
0 0 0 1 1 1 0 0 0 0 1 1 1 0 0 0 0 0
0 0 0 0 0 0 0 0 0 0 0 1 1 0 0 0 0 0
0 0 0 0 0 0 1 1 1 0 0 1 1 0 0 0 0 0
0 0 1 1 0 0 1 5 1 0 0 1 1 0 0 0 0 0
0 0 1 1 0 0 1 1 1 1 1 1 1 0 0 0 0 0
0 0 0 0 0 0 0 0 0 0 0 0 0 0 0 0 0 0
0 0 0 0 0 0 0 0 0 0 0 0 0 0 0 0 0 0
4 13 10 4 0 10 5 0
2 15 9 4 0 9 5 0 3 6 0 3 7 0
9 7 4 6 0 4 7 0