14 10 3
0 0 0 0 0 0 0 0 0 0 0 0 0 0 0 0 0 0 0
0 0 0 0 0 0 0 0 0 0 0 0 0 0 0 0 0 0 0
0 0 0 0 0 0 0 1 1 4 1 1 1 0 0 0 0 0 0
0 0 0 0 0 0 0 1 1 1 1 1 1 0 0 0 0 0 0
0 0 1 1 1 0 0 4 1 1 4 1 1 1 1 1 0 0 0
0 0 1 1 1 1 1 1 1 1 1 4 4 1 1 4 0 0 0
0 0 0 0 0 0 0 1 1 4 1 1 4 1 1 1 0 0 0
0 0 0 0 0 0 0 1 1 1 1 1 1 4 1 1 0 0 0
0 0 1 1 1 0 0 1 1 1 1 1 1 4 1 1 1 0 0
0 0 1 2 1 1 1 1 4 1 0 0 1 1 1 4 5 0 0 
0 0 1 1 1 0 0 1 1 1 1 1 1 1 1 1 1 0 0 
0 0 1 1 1 0 0 0 0 0 0 0 0 0 1 1 1 0 0 
0 0 0 0 0 0 0 0 0 0 0 0 0 0 0 0 0 0 0 
0 0 0 0 0 0 0 0 0 0 0 0 0 0 0 0 0 0 0
3 9 10 5 -1 10 6 -1
5 7 10 5 -1 10 6 -1 
5 10 10 5 -1 10 6 -1
6 11 10 5 -1 10 6 -1
6 12 10 5 -1 10 6 -1
6 15 10 5 -1 10 6 -1
7 8 10 5 -1 10 6 -1 
7 12 10 5 -1 10 6 -1
8 13 10 5 -1 10 6 -1
9 13 10 5 -1 10 6 -1
10 8 10 5 -1 10 6 -1
10 15 10 5 -1 10 6 -1
10 16 4 13 1
