14 3 15
0 0 0 0 0 0 0 0 0 0 0 0 0 0 0 0 0 0 0
0 0 0 0 0 0 0 0 0 0 0 0 0 0 0 0 0 0 0
0 0 0 0 0 0 0 0 0 0 0 0 0 1 1 1 1 0 0
0 0 0 1 1 1 1 1 1 1 4 1 1 1 1 1 1 0 0
0 0 0 1 1 1 1 0 0 0 0 0 0 0 1 1 1 0 0
0 0 0 1 1 4 1 0 0 0 0 0 0 0 0 0 0 0 0
0 0 0 1 1 1 1 0 0 0 0 0 0 0 0 0 0 0 0
0 0 0 0 0 1 1 1 4 1 1 1 1 1 1 0 0 0 0
0 0 0 0 0 0 0 0 0 0 0 0 1 1 1 1 4 0 0
0 0 1 1 1 0 0 0 0 0 0 0 1 1 1 1 1 0 0
0 0 1 2 1 1 1 1 1 1 1 1 1 1 1 0 0 0 0
0 0 1 1 1 1 0 0 0 0 0 0 0 0 0 0 0 0 0
0 0 0 0 0 0 0 0 0 0 0 0 0 0 0 0 0 0 0
0 0 0 0 0 0 0 0 0 0 0 0 0 0 0 0 0 0 0
3 10 3 7 0 3 8 0 
5 5 10 7 1 10 8 1
7 8 10 7 -1 10 8 -1
8 16 10 7 0 10 8 0